1 133
1 148
1 296
1 746
4 524
5 452
8 381
8 540
8 289
8 580
14 45
19 99
19 235
19 455
20 15
20 41
20 48
20 59
20 114
20 125
20 129
20 140
20 144
20 146
20 147
20 154
20 155
20 170
20 181
20 194
20 196
20 198
20 215
20 217
20 246
20 264
20 267
20 274
20 280
20 291
20 293
20 320
20 334
20 341
20 363
20 42
20 467
20 481
20 493
20 52
20 522
20 552
20 597
20 620
20 622
20 624
20 639
20 682
20 684
20 690
20 74
22 80
22 92
22 94
22 113
22 161
22 26
22 233
22 250
22 266
22 287
22 439
22 507
22 510
22 524
22 569
22 614
22 78
27 25
28 452
30 36
31 442
33 26
33 125
33 158
33 165
33 217
33 316
33 359
33 522
33 550
33 597
33 624
33 639
33 727
33 740
33 742
34 35
35 321
37 475
38 300
39 319
40 54
40 73
40 348
40 647
44 511
44 649
52 633
53 46
57 35
57 100
57 233
57 249
57 278
57 313
57 321
57 360
57 367
57 470
57 486
57 512
57 562
57 566
57 625
57 696
57 744
58 466
59 130
59 217
59 280
59 280
59 52
59 733
59 736
59 738
60 641
62 70
68 654
73 348
74 474
81 88
81 514
86 46
86 730
89 79
94 287
100 57
100 571
100 744
12 691
14 164
16 457
107 471
18 199
19 517
110 388
111 656
113 45
113 524
115 568
117 298
117 39
117 371
117 624
119 338
121 25
121 157
121 172
121 35
121 55
125 155
125 740
128 168
130 49
130 59
130 111
130 133
130 133
130 226
130 228
130 241
130 260
130 280
130 284
130 290
130 36
130 307
130 325
130 359
130 388
130 399
130 399
130 417
130 426
130 455
130 459
130 522
130 531
130 545
130 591
130 632
130 635
130 656
131 468
134 629
136 388
136 640
137 223
138 416
140 620
140 622
142 388
142 654
144 691
145 388
146 246
146 36
146 452
146 689
146 689
148 525
150 641
152 132
153 88
154 24
154 131
154 219
154 35
154 379
154 46
154 430
154 458
154 465
154 468
154 531
154 540
154 578
156 572
158 727
159 548
160 161
160 641
161 241
167 517
169 36
170 129
170 25
175 641
175 73
176 374
176 540
177 477
178 139
178 528
180 56
181 620
182 220
182 35
182 547
183 36
186 562
187 173
192 34
193 191
194 624
196 246
196 293
196 452
197 548
198 246
22 57
24 53
207 45
210 29
210 77
210 117
210 176
210 256
210 39
210 316
210 359
210 422
210 455
210 51
210 520
210 522
210 540
210 545
210 552
210 620
210 725
211 544
212 4
212 46
212 52
212 59
212 86
212 96
212 14
212 123
212 129
212 164
212 175
212 21
212 225
212 227
212 237
212 238
212 252
212 257
212 266
212 279
212 287
212 372
212 376
212 377
212 395
212 425
212 450
212 462
212 472
212 58
212 522
212 524
212 559
212 563
212 583
212 588
212 61
212 66
212 620
212 621
212 633
212 659
212 662
212 665
212 691
212 694
212 695
212 73
212 75
212 736
213 338
214 32
214 448
216 532
217 2
217 8
217 9
217 11
217 17
217 27
217 44
217 59
217 67
217 72
217 81
217 88
217 12
217 16
217 118
217 144
217 147
217 153
217 170
217 173
217 179
217 181
217 25
217 246
217 247
217 250
217 260
217 261
217 273
217 286
217 292
217 295
217 298
217 36
217 339
217 340
217 351
217 354
217 355
217 357
217 358
217 379
217 381
217 390
217 394
217 42
217 43
217 48
217 416
217 420
217 424
217 440
217 452
217 457
217 489
217 507
217 510
217 511
217 514
217 522
217 543
217 552
217 569
217 577
217 593
217 62
217 607
217 611
217 620
217 627
217 639
217 643
217 651
217 653
217 675
217 691
217 700
217 75
217 707
217 79
217 710
217 743
218 222
223 137
223 137
223 151
223 164
223 23
223 230
223 242
223 317
223 331
223 354
223 365
223 368
223 422
223 533
223 537
223 587
223 66
223 638
223 644
225 173
225 633
229 59
230 455
230 471
230 529
230 562
236 527
236 641
238 691
243 634
245 683
248 161
248 452
252 96
252 735
254 300
254 426
256 155
256 195
256 240
256 298
256 554
256 725
257 46
260 49
260 280
260 552
262 655
263 59
265 562
266 33
266 58
266 61
266 65
266 88
266 13
266 160
266 161
266 176
266 26
266 210
266 228
266 241
266 248
266 316
266 351
266 354
266 356
266 359
266 372
266 374
266 384
266 42
266 415
266 466
266 510
266 531
266 545
266 576
266 591
266 594
266 655
266 663
266 674
266 732
267 168
267 458
267 52
268 13
268 22
268 43
268 57
268 69
268 91
268 92
268 164
268 167
268 185
268 22
268 29
268 212
268 235
268 251
268 39
268 314
268 316
268 330
268 350
268 354
268 355
268 388
268 397
268 41
268 42
268 48
268 463
268 471
268 483
268 510
268 517
268 522
268 524
268 531
268 540
268 551
268 590
268 600
268 65
268 618
268 620
268 622
268 626
268 652
268 658
268 693
268 74
268 79
268 713
268 718
268 725
269 452
270 66
270 95
270 117
270 155
270 171
270 189
270 267
270 39
270 326
270 371
270 456
270 458
270 485
270 491
270 52
270 522
270 522
270 628
270 639
270 666
270 742
271 161
274 36
275 3
276 332
276 63
277 584
278 57
279 450
282 562
285 162
285 243
285 33
285 634
287 691
288 649
290 296
290 635
291 684
295 292
295 32
295 548
295 562
295 654
295 697
298 8
298 117
298 192
298 213
298 227
298 240
298 256
298 34
298 369
298 429
298 458
298 490
298 58
298 539
298 597
298 619
298 73
298 741
298 741
300 38
300 254
300 426
300 522
33 162
33 285
35 233
35 42
35 432
35 516
35 561
35 76
36 19
36 23
36 169
36 183
36 348
36 42
36 545
36 599
36 617
36 745
38 17
310 322
314 471
316 161
316 217
316 359
316 524
316 548
316 562
322 390
325 388
325 458
325 641
325 711
326 456
328 624
330 261
330 524
333 533
336 388
341 246
343 649
344 83
344 530
345 517
347 648
352 452
353 388
354 235
354 359
354 390
354 422
354 524
355 626
355 691 
356 655
357 147
358 36
362 691
364 63
364 393
365 533
366 45
366 297
366 400
366 449
366 584
370 431
370 452
370 649
372 13
372 252
372 562
373 315
379 147
379 396
379 46
382 36
386 414
388 1
388 21
388 47
388 49
388 75
388 86
388 92
388 110
388 127
388 136
388 142
388 145
388 148
388 221
388 239
388 272
388 290
388 324
388 325
388 336
388 353
388 384
388 41
388 42
388 415
388 427
388 463
388 545
388 579
388 635
388 640
388 680
388 711
388 717
388 730
389 139
389 164
389 178
389 391
389 528
389 559
389 681
389 72
394 147
394 163
394 200
394 246
394 375
394 43
394 452
394 52
394 626
394 691
394 746
395 633
395 691
396 16
396 99
396 11
396 188
396 188
396 379
396 538
396 538
396 631
397 13
397 39
397 590
398 45
398 19
398 132
398 152
398 168
398 175
398 197
398 267
398 295
398 342
398 385
398 45
398 438
398 56
398 517
398 540
398 548
398 564
398 591
398 65
398 69
398 641
398 677
398 697
398 697
398 720
399 632
400 297
41 49
41 388
41 465
42 147
42 25
42 215
42 217
42 235
42 36
42 351
42 420
42 52
42 516
42 620
42 639
42 682
42 79
42 710
42 711
42 713
42 732
42 737
42 737
42 743
44 98
44 562
44 623
45 14
45 113
45 207
45 272
45 671
410 412
410 468
410 723
411 540
415 46
415 147
415 168
415 36
415 359
415 359
415 384
415 452
415 477
415 626
415 687
415 691
419 649
421 36
421 452
423 8
423 17
423 44
423 56
423 62
423 70
423 78
423 11
423 12
423 14
423 18
423 141
423 155
423 173
423 180
423 187
423 190
423 197
423 199
423 21
423 216
423 225
423 236
423 295
423 38
423 316
423 346
423 347
423 372
423 383
423 398
423 407
423 410
423 412
423 418
423 436
423 445
423 500
423 54
423 510
423 522
423 527
423 532
423 540
423 548
423 562
423 570
423 574
423 615
423 648
423 649
423 654
423 657
423 661
423 691
423 697
423 73
425 30
425 516
425 524
425 583
425 691
426 22
426 130
426 340
426 368
426 548
426 664
426 670
426 692
430 540
432 74
432 93
432 93
432 232
432 311
432 474
433 19
433 92
433 99
433 124
433 135
433 146
433 174
433 183
433 189
433 200
433 259
433 36
433 318
433 345
433 394
433 415
433 420
433 421
433 424
433 425
433 434
433 452
433 467
433 486
433 517
433 569
433 639
433 667
433 675
433 687
433 720
433 745
438 517
439 1
439 5
439 28
439 48
439 100
439 138
439 146
439 196
439 248
439 261
439 262
439 268
439 322
439 330
439 352
439 370
439 390
439 394
439 410
439 412
439 415
439 416
439 420
439 421
439 428
439 452
439 479
439 486
439 507
439 555
439 575
439 655
439 660
439 679
439 716
439 723
439 726
439 728
439 746
440 217
441 525
443 126
446 691
447 15
449 1
449 14
449 19
449 34
449 37
449 39
449 63
449 87
449 97
449 19
449 150
449 168
449 252
449 253
449 290
449 295
449 296
449 35
449 316
449 319
449 351
449 364
449 415
449 446
449 457
449 475
449 488
449 517
449 524
449 562
449 65
449 611
449 641
449 677
449 682
449 691
449 699
449 735
453 24
453 53
453 536
453 636
453 637
455 19
455 63
455 128
455 161
455 168
455 230
455 348
455 364
455 392
455 49
455 411
455 51
455 540
455 545
455 617
455 668
455 694
455 722
463 388
463 524
463 79
463 713
465 468
467 293
467 420
467 616
467 626
469 525
472 237
473 533
477 1
477 19
477 21
477 64
477 133
477 177
477 195
477 256
477 329
477 359
477 364
477 393
477 415
478 36
479 726
479 728
480 567
481 493
483 29
484 298
486 57
486 36
486 36
486 746
488 168
491 117
491 294
491 39
491 371
491 378
491 545
491 624
491 641
494 149
42 147
42 683
497 519
498 672
51 29
51 694
54 574
55 562
507 246
507 261
507 48
507 420
507 627
507 700
58 227
59 229
59 263
59 368
59 583
59 66
59 66
59 646
59 679
59 679
59 698
512 57
513 548
515 51
521 548
522 33
522 133
522 155
522 286
522 363
522 52
522 520
522 618
522 620
522 624
522 639
522 651
522 691
522 74
522 725
525 57
525 148
525 28
525 231
525 327
525 425
525 441
525 469
525 516
525 524
525 524
525 565
525 583
525 585
525 68
525 731
526 562
530 83
531 19
531 50
531 235
531 444
531 546
531 546
531 556
531 618
531 724
541 452
545 130
545 161
545 36
545 39
545 455
545 641
545 721
547 35
548 91
548 143
548 159
548 197
548 234
548 295
548 35
548 398
548 449
548 513
548 521
549 614
551 350
552 280
557 655
559 633
559 72
562 6
562 8
562 24
562 68
562 71
562 90
562 98
562 11
562 107
562 116
562 122
562 139
562 156
562 157
562 186
562 200
562 230
562 241
562 255
562 265
562 282
562 295
562 316
562 368
562 41
562 44
562 449
562 465
562 467
562 471
562 499
562 55
562 518
562 526
562 572
562 591
562 616
562 623
562 652
562 654
562 659
562 71
564 385
565 565
569 161
569 217
569 318
569 639
569 75
570 383
572 122
572 562
575 479
576 266
579 384
581 380
591 168
591 228
591 562
591 69
592 678
593 55
593 173
593 335
593 691
594 61
425 414
597 120
597 280
597 298
597 639
657 445
600 524
61 46
61 633
62 25
197 580
65 319
65 540
607 707
611 457
615 407
617 23
617 722
619 298
621 377
637 53
637 519
638 53
638 644
641 3
641 19
641 22
641 60
641 91
641 100
641 134
641 150
641 160
641 175
641 216
641 219
641 231
641 236
641 275
641 277
641 35
641 39
641 325
641 423
641 432
641 435
641 437
641 449
641 463
641 497
641 519
641 524
641 532
641 535
641 545
641 571
641 584
641 629
641 637
641 677
641 682
641 714
642 79
642 89
642 126
642 184
642 212
642 217
642 258
642 266
642 315
642 373
642 410
642 443
642 468
642 477
642 507
642 560
642 586
642 627
643 17
645 147
646 583
647 54
653 20
653 32
653 59
653 62
653 117
653 144
653 146
653 147
653 155
653 161
653 217
653 256
653 271
653 288
653 39
653 328
653 337
653 343
653 348
653 370
653 42
653 415
653 419
653 464
653 464
653 510
653 540
653 554
653 582
653 620
653 624
653 645
653 649
653 658
653 682
653 686
653 689
653 733
653 738
658 524
658 540
659 562
659 694
666 66
668 392
669 32
669 665
671 45
672 18
672 42
672 91
672 191
672 193
672 218
672 222
672 270
672 283
672 487
672 492
672 498
672 557
672 655
672 714
672 739
673 589
674 200
674 26
674 266
674 48
674 451
674 482
674 482
674 617
674 722
675 36
675 416
676 51
676 142
676 168
676 230
676 252
676 267
676 372
676 410
676 415
676 458
676 468
676 471
676 515
676 591
676 654
677 385
677 641
677 688
677 691
680 388
681 391
682 07
682 10
682 31
682 46
682 55
682 59
682 81
682 86
682 97
682 144
682 147
682 149
682 163
682 166
682 212
682 244
682 246
682 251
682 266
682 36
682 319
682 325
682 333
682 339
682 361
682 375
682 382
682 388
682 394
682 42
682 413
682 415
682 425
682 442
682 452
682 30
682 458
682 467
682 473
682 477
682 478
682 494
682 52
682 522
682 533
682 541
682 542
682 558
682 593
682 595
682 599
682 65
682 610
682 618
682 626
682 630
682 641
682 650
682 672
682 677
682 685
682 691
682 699
682 729
682 734
682 737
688 6
688 19
688 76
688 112
688 161
688 36
688 310
688 322
688 356
688 370
688 415
688 431
688 461
688 476
688 495
688 534
688 545
688 573
688 599
688 655
688 677
688 712
688 714
688 719
693 235
695 633
696 313
71 200
73 691
714 495
716 100
720 124
720 517
742 165
742 171
742 628
745 36
